{
 "cells": [
  {
   "attachments": {},
   "cell_type": "markdown",
   "metadata": {},
   "source": [
    "### 2 Feature Selection- Drop Features using Pearson Correlation\n",
    "In this Step we will be removing the features which are highly correlated"
   ]
  },
  {
   "cell_type": "code",
   "execution_count": 1,
   "metadata": {},
   "outputs": [],
   "source": [
    "# Import Required Libraries\n",
    "from sklearn.datasets import load_boston\n",
    "import pandas as pd\n",
    "import matplotlib.pyplot as plt\n",
    "%matplotlib inline"
   ]
  },
  {
   "cell_type": "code",
   "execution_count": 2,
   "metadata": {},
   "outputs": [
    {
     "name": "stderr",
     "output_type": "stream",
     "text": [
      "c:\\Users\\SAHIL JOSAN\\AppData\\Local\\Programs\\Python\\Python310\\lib\\site-packages\\sklearn\\utils\\deprecation.py:87: FutureWarning: Function load_boston is deprecated; `load_boston` is deprecated in 1.0 and will be removed in 1.2.\n",
      "\n",
      "    The Boston housing prices dataset has an ethical problem. You can refer to\n",
      "    the documentation of this function for further details.\n",
      "\n",
      "    The scikit-learn maintainers therefore strongly discourage the use of this\n",
      "    dataset unless the purpose of the code is to study and educate about\n",
      "    ethical issues in data science and machine learning.\n",
      "\n",
      "    In this special case, you can fetch the dataset from the original\n",
      "    source::\n",
      "\n",
      "        import pandas as pd\n",
      "        import numpy as np\n",
      "\n",
      "        data_url = \"http://lib.stat.cmu.edu/datasets/boston\"\n",
      "        raw_df = pd.read_csv(data_url, sep=\"\\s+\", skiprows=22, header=None)\n",
      "        data = np.hstack([raw_df.values[::2, :], raw_df.values[1::2, :2]])\n",
      "        target = raw_df.values[1::2, 2]\n",
      "\n",
      "    Alternative datasets include the California housing dataset (i.e.\n",
      "    :func:`~sklearn.datasets.fetch_california_housing`) and the Ames housing\n",
      "    dataset. You can load the datasets as follows::\n",
      "\n",
      "        from sklearn.datasets import fetch_california_housing\n",
      "        housing = fetch_california_housing()\n",
      "\n",
      "    for the California housing dataset and::\n",
      "\n",
      "        from sklearn.datasets import fetch_openml\n",
      "        housing = fetch_openml(name=\"house_prices\", as_frame=True)\n",
      "\n",
      "    for the Ames housing dataset.\n",
      "  warnings.warn(msg, category=FutureWarning)\n"
     ]
    }
   ],
   "source": [
    "# Loading the dataset\n",
    "data = load_boston()\n",
    "df = pd.DataFrame(data.data, columns= data.feature_names)\n",
    "df[\"MEDV\"] = data.target"
   ]
  },
  {
   "cell_type": "code",
   "execution_count": 3,
   "metadata": {},
   "outputs": [
    {
     "data": {
      "text/html": [
       "<div>\n",
       "<style scoped>\n",
       "    .dataframe tbody tr th:only-of-type {\n",
       "        vertical-align: middle;\n",
       "    }\n",
       "\n",
       "    .dataframe tbody tr th {\n",
       "        vertical-align: top;\n",
       "    }\n",
       "\n",
       "    .dataframe thead th {\n",
       "        text-align: right;\n",
       "    }\n",
       "</style>\n",
       "<table border=\"1\" class=\"dataframe\">\n",
       "  <thead>\n",
       "    <tr style=\"text-align: right;\">\n",
       "      <th></th>\n",
       "      <th>CRIM</th>\n",
       "      <th>ZN</th>\n",
       "      <th>INDUS</th>\n",
       "      <th>CHAS</th>\n",
       "      <th>NOX</th>\n",
       "      <th>RM</th>\n",
       "      <th>AGE</th>\n",
       "      <th>DIS</th>\n",
       "      <th>RAD</th>\n",
       "      <th>TAX</th>\n",
       "      <th>PTRATIO</th>\n",
       "      <th>B</th>\n",
       "      <th>LSTAT</th>\n",
       "      <th>MEDV</th>\n",
       "    </tr>\n",
       "  </thead>\n",
       "  <tbody>\n",
       "    <tr>\n",
       "      <th>0</th>\n",
       "      <td>0.00632</td>\n",
       "      <td>18.0</td>\n",
       "      <td>2.31</td>\n",
       "      <td>0.0</td>\n",
       "      <td>0.538</td>\n",
       "      <td>6.575</td>\n",
       "      <td>65.2</td>\n",
       "      <td>4.0900</td>\n",
       "      <td>1.0</td>\n",
       "      <td>296.0</td>\n",
       "      <td>15.3</td>\n",
       "      <td>396.90</td>\n",
       "      <td>4.98</td>\n",
       "      <td>24.0</td>\n",
       "    </tr>\n",
       "    <tr>\n",
       "      <th>1</th>\n",
       "      <td>0.02731</td>\n",
       "      <td>0.0</td>\n",
       "      <td>7.07</td>\n",
       "      <td>0.0</td>\n",
       "      <td>0.469</td>\n",
       "      <td>6.421</td>\n",
       "      <td>78.9</td>\n",
       "      <td>4.9671</td>\n",
       "      <td>2.0</td>\n",
       "      <td>242.0</td>\n",
       "      <td>17.8</td>\n",
       "      <td>396.90</td>\n",
       "      <td>9.14</td>\n",
       "      <td>21.6</td>\n",
       "    </tr>\n",
       "    <tr>\n",
       "      <th>2</th>\n",
       "      <td>0.02729</td>\n",
       "      <td>0.0</td>\n",
       "      <td>7.07</td>\n",
       "      <td>0.0</td>\n",
       "      <td>0.469</td>\n",
       "      <td>7.185</td>\n",
       "      <td>61.1</td>\n",
       "      <td>4.9671</td>\n",
       "      <td>2.0</td>\n",
       "      <td>242.0</td>\n",
       "      <td>17.8</td>\n",
       "      <td>392.83</td>\n",
       "      <td>4.03</td>\n",
       "      <td>34.7</td>\n",
       "    </tr>\n",
       "    <tr>\n",
       "      <th>3</th>\n",
       "      <td>0.03237</td>\n",
       "      <td>0.0</td>\n",
       "      <td>2.18</td>\n",
       "      <td>0.0</td>\n",
       "      <td>0.458</td>\n",
       "      <td>6.998</td>\n",
       "      <td>45.8</td>\n",
       "      <td>6.0622</td>\n",
       "      <td>3.0</td>\n",
       "      <td>222.0</td>\n",
       "      <td>18.7</td>\n",
       "      <td>394.63</td>\n",
       "      <td>2.94</td>\n",
       "      <td>33.4</td>\n",
       "    </tr>\n",
       "    <tr>\n",
       "      <th>4</th>\n",
       "      <td>0.06905</td>\n",
       "      <td>0.0</td>\n",
       "      <td>2.18</td>\n",
       "      <td>0.0</td>\n",
       "      <td>0.458</td>\n",
       "      <td>7.147</td>\n",
       "      <td>54.2</td>\n",
       "      <td>6.0622</td>\n",
       "      <td>3.0</td>\n",
       "      <td>222.0</td>\n",
       "      <td>18.7</td>\n",
       "      <td>396.90</td>\n",
       "      <td>5.33</td>\n",
       "      <td>36.2</td>\n",
       "    </tr>\n",
       "    <tr>\n",
       "      <th>...</th>\n",
       "      <td>...</td>\n",
       "      <td>...</td>\n",
       "      <td>...</td>\n",
       "      <td>...</td>\n",
       "      <td>...</td>\n",
       "      <td>...</td>\n",
       "      <td>...</td>\n",
       "      <td>...</td>\n",
       "      <td>...</td>\n",
       "      <td>...</td>\n",
       "      <td>...</td>\n",
       "      <td>...</td>\n",
       "      <td>...</td>\n",
       "      <td>...</td>\n",
       "    </tr>\n",
       "    <tr>\n",
       "      <th>501</th>\n",
       "      <td>0.06263</td>\n",
       "      <td>0.0</td>\n",
       "      <td>11.93</td>\n",
       "      <td>0.0</td>\n",
       "      <td>0.573</td>\n",
       "      <td>6.593</td>\n",
       "      <td>69.1</td>\n",
       "      <td>2.4786</td>\n",
       "      <td>1.0</td>\n",
       "      <td>273.0</td>\n",
       "      <td>21.0</td>\n",
       "      <td>391.99</td>\n",
       "      <td>9.67</td>\n",
       "      <td>22.4</td>\n",
       "    </tr>\n",
       "    <tr>\n",
       "      <th>502</th>\n",
       "      <td>0.04527</td>\n",
       "      <td>0.0</td>\n",
       "      <td>11.93</td>\n",
       "      <td>0.0</td>\n",
       "      <td>0.573</td>\n",
       "      <td>6.120</td>\n",
       "      <td>76.7</td>\n",
       "      <td>2.2875</td>\n",
       "      <td>1.0</td>\n",
       "      <td>273.0</td>\n",
       "      <td>21.0</td>\n",
       "      <td>396.90</td>\n",
       "      <td>9.08</td>\n",
       "      <td>20.6</td>\n",
       "    </tr>\n",
       "    <tr>\n",
       "      <th>503</th>\n",
       "      <td>0.06076</td>\n",
       "      <td>0.0</td>\n",
       "      <td>11.93</td>\n",
       "      <td>0.0</td>\n",
       "      <td>0.573</td>\n",
       "      <td>6.976</td>\n",
       "      <td>91.0</td>\n",
       "      <td>2.1675</td>\n",
       "      <td>1.0</td>\n",
       "      <td>273.0</td>\n",
       "      <td>21.0</td>\n",
       "      <td>396.90</td>\n",
       "      <td>5.64</td>\n",
       "      <td>23.9</td>\n",
       "    </tr>\n",
       "    <tr>\n",
       "      <th>504</th>\n",
       "      <td>0.10959</td>\n",
       "      <td>0.0</td>\n",
       "      <td>11.93</td>\n",
       "      <td>0.0</td>\n",
       "      <td>0.573</td>\n",
       "      <td>6.794</td>\n",
       "      <td>89.3</td>\n",
       "      <td>2.3889</td>\n",
       "      <td>1.0</td>\n",
       "      <td>273.0</td>\n",
       "      <td>21.0</td>\n",
       "      <td>393.45</td>\n",
       "      <td>6.48</td>\n",
       "      <td>22.0</td>\n",
       "    </tr>\n",
       "    <tr>\n",
       "      <th>505</th>\n",
       "      <td>0.04741</td>\n",
       "      <td>0.0</td>\n",
       "      <td>11.93</td>\n",
       "      <td>0.0</td>\n",
       "      <td>0.573</td>\n",
       "      <td>6.030</td>\n",
       "      <td>80.8</td>\n",
       "      <td>2.5050</td>\n",
       "      <td>1.0</td>\n",
       "      <td>273.0</td>\n",
       "      <td>21.0</td>\n",
       "      <td>396.90</td>\n",
       "      <td>7.88</td>\n",
       "      <td>11.9</td>\n",
       "    </tr>\n",
       "  </tbody>\n",
       "</table>\n",
       "<p>506 rows × 14 columns</p>\n",
       "</div>"
      ],
      "text/plain": [
       "        CRIM    ZN  INDUS  CHAS    NOX     RM   AGE     DIS  RAD    TAX  \\\n",
       "0    0.00632  18.0   2.31   0.0  0.538  6.575  65.2  4.0900  1.0  296.0   \n",
       "1    0.02731   0.0   7.07   0.0  0.469  6.421  78.9  4.9671  2.0  242.0   \n",
       "2    0.02729   0.0   7.07   0.0  0.469  7.185  61.1  4.9671  2.0  242.0   \n",
       "3    0.03237   0.0   2.18   0.0  0.458  6.998  45.8  6.0622  3.0  222.0   \n",
       "4    0.06905   0.0   2.18   0.0  0.458  7.147  54.2  6.0622  3.0  222.0   \n",
       "..       ...   ...    ...   ...    ...    ...   ...     ...  ...    ...   \n",
       "501  0.06263   0.0  11.93   0.0  0.573  6.593  69.1  2.4786  1.0  273.0   \n",
       "502  0.04527   0.0  11.93   0.0  0.573  6.120  76.7  2.2875  1.0  273.0   \n",
       "503  0.06076   0.0  11.93   0.0  0.573  6.976  91.0  2.1675  1.0  273.0   \n",
       "504  0.10959   0.0  11.93   0.0  0.573  6.794  89.3  2.3889  1.0  273.0   \n",
       "505  0.04741   0.0  11.93   0.0  0.573  6.030  80.8  2.5050  1.0  273.0   \n",
       "\n",
       "     PTRATIO       B  LSTAT  MEDV  \n",
       "0       15.3  396.90   4.98  24.0  \n",
       "1       17.8  396.90   9.14  21.6  \n",
       "2       17.8  392.83   4.03  34.7  \n",
       "3       18.7  394.63   2.94  33.4  \n",
       "4       18.7  396.90   5.33  36.2  \n",
       "..       ...     ...    ...   ...  \n",
       "501     21.0  391.99   9.67  22.4  \n",
       "502     21.0  396.90   9.08  20.6  \n",
       "503     21.0  396.90   5.64  23.9  \n",
       "504     21.0  393.45   6.48  22.0  \n",
       "505     21.0  396.90   7.88  11.9  \n",
       "\n",
       "[506 rows x 14 columns]"
      ]
     },
     "execution_count": 3,
     "metadata": {},
     "output_type": "execute_result"
    }
   ],
   "source": [
    "df"
   ]
  },
  {
   "cell_type": "code",
   "execution_count": 4,
   "metadata": {},
   "outputs": [],
   "source": [
    "X = df.drop(\"MEDV\",axis = 1)\n",
    "y = df['MEDV']"
   ]
  },
  {
   "cell_type": "code",
   "execution_count": 5,
   "metadata": {},
   "outputs": [
    {
     "data": {
      "text/plain": [
       "(506, 13)"
      ]
     },
     "execution_count": 5,
     "metadata": {},
     "output_type": "execute_result"
    }
   ],
   "source": [
    "X.shape"
   ]
  },
  {
   "cell_type": "code",
   "execution_count": 6,
   "metadata": {},
   "outputs": [
    {
     "data": {
      "text/plain": [
       "(506,)"
      ]
     },
     "execution_count": 6,
     "metadata": {},
     "output_type": "execute_result"
    }
   ],
   "source": [
    "y.shape"
   ]
  },
  {
   "attachments": {},
   "cell_type": "markdown",
   "metadata": {},
   "source": [
    "### Seperate dataset into train and test"
   ]
  },
  {
   "cell_type": "code",
   "execution_count": 7,
   "metadata": {},
   "outputs": [
    {
     "data": {
      "text/plain": [
       "((354, 13), (152, 13))"
      ]
     },
     "execution_count": 7,
     "metadata": {},
     "output_type": "execute_result"
    }
   ],
   "source": [
    "from sklearn.model_selection import train_test_split\n",
    "X_train,X_test,y_train,y_test = train_test_split(X, y, test_size= 0.3, random_state= 0)\n",
    "X_train.shape, X_test.shape"
   ]
  },
  {
   "attachments": {},
   "cell_type": "markdown",
   "metadata": {},
   "source": [
    "### Pearson Correlation"
   ]
  },
  {
   "cell_type": "code",
   "execution_count": 8,
   "metadata": {},
   "outputs": [
    {
     "data": {
      "text/html": [
       "<div>\n",
       "<style scoped>\n",
       "    .dataframe tbody tr th:only-of-type {\n",
       "        vertical-align: middle;\n",
       "    }\n",
       "\n",
       "    .dataframe tbody tr th {\n",
       "        vertical-align: top;\n",
       "    }\n",
       "\n",
       "    .dataframe thead th {\n",
       "        text-align: right;\n",
       "    }\n",
       "</style>\n",
       "<table border=\"1\" class=\"dataframe\">\n",
       "  <thead>\n",
       "    <tr style=\"text-align: right;\">\n",
       "      <th></th>\n",
       "      <th>CRIM</th>\n",
       "      <th>ZN</th>\n",
       "      <th>INDUS</th>\n",
       "      <th>CHAS</th>\n",
       "      <th>NOX</th>\n",
       "      <th>RM</th>\n",
       "      <th>AGE</th>\n",
       "      <th>DIS</th>\n",
       "      <th>RAD</th>\n",
       "      <th>TAX</th>\n",
       "      <th>PTRATIO</th>\n",
       "      <th>B</th>\n",
       "      <th>LSTAT</th>\n",
       "    </tr>\n",
       "  </thead>\n",
       "  <tbody>\n",
       "    <tr>\n",
       "      <th>CRIM</th>\n",
       "      <td>1.000000</td>\n",
       "      <td>-0.196172</td>\n",
       "      <td>0.382073</td>\n",
       "      <td>-0.049364</td>\n",
       "      <td>0.416560</td>\n",
       "      <td>-0.188280</td>\n",
       "      <td>0.329927</td>\n",
       "      <td>-0.355840</td>\n",
       "      <td>0.603880</td>\n",
       "      <td>0.560570</td>\n",
       "      <td>0.264780</td>\n",
       "      <td>-0.299525</td>\n",
       "      <td>0.439369</td>\n",
       "    </tr>\n",
       "    <tr>\n",
       "      <th>ZN</th>\n",
       "      <td>-0.196172</td>\n",
       "      <td>1.000000</td>\n",
       "      <td>-0.529392</td>\n",
       "      <td>-0.063863</td>\n",
       "      <td>-0.523572</td>\n",
       "      <td>0.319260</td>\n",
       "      <td>-0.583885</td>\n",
       "      <td>0.658331</td>\n",
       "      <td>-0.314833</td>\n",
       "      <td>-0.327834</td>\n",
       "      <td>-0.392838</td>\n",
       "      <td>0.164641</td>\n",
       "      <td>-0.429178</td>\n",
       "    </tr>\n",
       "    <tr>\n",
       "      <th>INDUS</th>\n",
       "      <td>0.382073</td>\n",
       "      <td>-0.529392</td>\n",
       "      <td>1.000000</td>\n",
       "      <td>0.044224</td>\n",
       "      <td>0.750218</td>\n",
       "      <td>-0.392969</td>\n",
       "      <td>0.629257</td>\n",
       "      <td>-0.686848</td>\n",
       "      <td>0.578459</td>\n",
       "      <td>0.719038</td>\n",
       "      <td>0.388353</td>\n",
       "      <td>-0.331638</td>\n",
       "      <td>0.603374</td>\n",
       "    </tr>\n",
       "    <tr>\n",
       "      <th>CHAS</th>\n",
       "      <td>-0.049364</td>\n",
       "      <td>-0.063863</td>\n",
       "      <td>0.044224</td>\n",
       "      <td>1.000000</td>\n",
       "      <td>0.043748</td>\n",
       "      <td>0.088125</td>\n",
       "      <td>0.067269</td>\n",
       "      <td>-0.085492</td>\n",
       "      <td>0.022338</td>\n",
       "      <td>-0.017156</td>\n",
       "      <td>-0.072683</td>\n",
       "      <td>0.069682</td>\n",
       "      <td>-0.059060</td>\n",
       "    </tr>\n",
       "    <tr>\n",
       "      <th>NOX</th>\n",
       "      <td>0.416560</td>\n",
       "      <td>-0.523572</td>\n",
       "      <td>0.750218</td>\n",
       "      <td>0.043748</td>\n",
       "      <td>1.000000</td>\n",
       "      <td>-0.279202</td>\n",
       "      <td>0.740052</td>\n",
       "      <td>-0.765753</td>\n",
       "      <td>0.627188</td>\n",
       "      <td>0.683445</td>\n",
       "      <td>0.179046</td>\n",
       "      <td>-0.369445</td>\n",
       "      <td>0.577154</td>\n",
       "    </tr>\n",
       "    <tr>\n",
       "      <th>RM</th>\n",
       "      <td>-0.188280</td>\n",
       "      <td>0.319260</td>\n",
       "      <td>-0.392969</td>\n",
       "      <td>0.088125</td>\n",
       "      <td>-0.279202</td>\n",
       "      <td>1.000000</td>\n",
       "      <td>-0.235839</td>\n",
       "      <td>0.183857</td>\n",
       "      <td>-0.179242</td>\n",
       "      <td>-0.275242</td>\n",
       "      <td>-0.385526</td>\n",
       "      <td>0.157459</td>\n",
       "      <td>-0.623920</td>\n",
       "    </tr>\n",
       "    <tr>\n",
       "      <th>AGE</th>\n",
       "      <td>0.329927</td>\n",
       "      <td>-0.583885</td>\n",
       "      <td>0.629257</td>\n",
       "      <td>0.067269</td>\n",
       "      <td>0.740052</td>\n",
       "      <td>-0.235839</td>\n",
       "      <td>1.000000</td>\n",
       "      <td>-0.761543</td>\n",
       "      <td>0.440578</td>\n",
       "      <td>0.502429</td>\n",
       "      <td>0.239729</td>\n",
       "      <td>-0.250416</td>\n",
       "      <td>0.606530</td>\n",
       "    </tr>\n",
       "    <tr>\n",
       "      <th>DIS</th>\n",
       "      <td>-0.355840</td>\n",
       "      <td>0.658331</td>\n",
       "      <td>-0.686848</td>\n",
       "      <td>-0.085492</td>\n",
       "      <td>-0.765753</td>\n",
       "      <td>0.183857</td>\n",
       "      <td>-0.761543</td>\n",
       "      <td>1.000000</td>\n",
       "      <td>-0.467653</td>\n",
       "      <td>-0.519643</td>\n",
       "      <td>-0.176620</td>\n",
       "      <td>0.248376</td>\n",
       "      <td>-0.501780</td>\n",
       "    </tr>\n",
       "    <tr>\n",
       "      <th>RAD</th>\n",
       "      <td>0.603880</td>\n",
       "      <td>-0.314833</td>\n",
       "      <td>0.578459</td>\n",
       "      <td>0.022338</td>\n",
       "      <td>0.627188</td>\n",
       "      <td>-0.179242</td>\n",
       "      <td>0.440578</td>\n",
       "      <td>-0.467653</td>\n",
       "      <td>1.000000</td>\n",
       "      <td>0.907455</td>\n",
       "      <td>0.437687</td>\n",
       "      <td>-0.415325</td>\n",
       "      <td>0.442783</td>\n",
       "    </tr>\n",
       "    <tr>\n",
       "      <th>TAX</th>\n",
       "      <td>0.560570</td>\n",
       "      <td>-0.327834</td>\n",
       "      <td>0.719038</td>\n",
       "      <td>-0.017156</td>\n",
       "      <td>0.683445</td>\n",
       "      <td>-0.275242</td>\n",
       "      <td>0.502429</td>\n",
       "      <td>-0.519643</td>\n",
       "      <td>0.907455</td>\n",
       "      <td>1.000000</td>\n",
       "      <td>0.447518</td>\n",
       "      <td>-0.412145</td>\n",
       "      <td>0.515905</td>\n",
       "    </tr>\n",
       "    <tr>\n",
       "      <th>PTRATIO</th>\n",
       "      <td>0.264780</td>\n",
       "      <td>-0.392838</td>\n",
       "      <td>0.388353</td>\n",
       "      <td>-0.072683</td>\n",
       "      <td>0.179046</td>\n",
       "      <td>-0.385526</td>\n",
       "      <td>0.239729</td>\n",
       "      <td>-0.176620</td>\n",
       "      <td>0.437687</td>\n",
       "      <td>0.447518</td>\n",
       "      <td>1.000000</td>\n",
       "      <td>-0.145638</td>\n",
       "      <td>0.387752</td>\n",
       "    </tr>\n",
       "    <tr>\n",
       "      <th>B</th>\n",
       "      <td>-0.299525</td>\n",
       "      <td>0.164641</td>\n",
       "      <td>-0.331638</td>\n",
       "      <td>0.069682</td>\n",
       "      <td>-0.369445</td>\n",
       "      <td>0.157459</td>\n",
       "      <td>-0.250416</td>\n",
       "      <td>0.248376</td>\n",
       "      <td>-0.415325</td>\n",
       "      <td>-0.412145</td>\n",
       "      <td>-0.145638</td>\n",
       "      <td>1.000000</td>\n",
       "      <td>-0.365338</td>\n",
       "    </tr>\n",
       "    <tr>\n",
       "      <th>LSTAT</th>\n",
       "      <td>0.439369</td>\n",
       "      <td>-0.429178</td>\n",
       "      <td>0.603374</td>\n",
       "      <td>-0.059060</td>\n",
       "      <td>0.577154</td>\n",
       "      <td>-0.623920</td>\n",
       "      <td>0.606530</td>\n",
       "      <td>-0.501780</td>\n",
       "      <td>0.442783</td>\n",
       "      <td>0.515905</td>\n",
       "      <td>0.387752</td>\n",
       "      <td>-0.365338</td>\n",
       "      <td>1.000000</td>\n",
       "    </tr>\n",
       "  </tbody>\n",
       "</table>\n",
       "</div>"
      ],
      "text/plain": [
       "             CRIM        ZN     INDUS      CHAS       NOX        RM       AGE  \\\n",
       "CRIM     1.000000 -0.196172  0.382073 -0.049364  0.416560 -0.188280  0.329927   \n",
       "ZN      -0.196172  1.000000 -0.529392 -0.063863 -0.523572  0.319260 -0.583885   \n",
       "INDUS    0.382073 -0.529392  1.000000  0.044224  0.750218 -0.392969  0.629257   \n",
       "CHAS    -0.049364 -0.063863  0.044224  1.000000  0.043748  0.088125  0.067269   \n",
       "NOX      0.416560 -0.523572  0.750218  0.043748  1.000000 -0.279202  0.740052   \n",
       "RM      -0.188280  0.319260 -0.392969  0.088125 -0.279202  1.000000 -0.235839   \n",
       "AGE      0.329927 -0.583885  0.629257  0.067269  0.740052 -0.235839  1.000000   \n",
       "DIS     -0.355840  0.658331 -0.686848 -0.085492 -0.765753  0.183857 -0.761543   \n",
       "RAD      0.603880 -0.314833  0.578459  0.022338  0.627188 -0.179242  0.440578   \n",
       "TAX      0.560570 -0.327834  0.719038 -0.017156  0.683445 -0.275242  0.502429   \n",
       "PTRATIO  0.264780 -0.392838  0.388353 -0.072683  0.179046 -0.385526  0.239729   \n",
       "B       -0.299525  0.164641 -0.331638  0.069682 -0.369445  0.157459 -0.250416   \n",
       "LSTAT    0.439369 -0.429178  0.603374 -0.059060  0.577154 -0.623920  0.606530   \n",
       "\n",
       "              DIS       RAD       TAX   PTRATIO         B     LSTAT  \n",
       "CRIM    -0.355840  0.603880  0.560570  0.264780 -0.299525  0.439369  \n",
       "ZN       0.658331 -0.314833 -0.327834 -0.392838  0.164641 -0.429178  \n",
       "INDUS   -0.686848  0.578459  0.719038  0.388353 -0.331638  0.603374  \n",
       "CHAS    -0.085492  0.022338 -0.017156 -0.072683  0.069682 -0.059060  \n",
       "NOX     -0.765753  0.627188  0.683445  0.179046 -0.369445  0.577154  \n",
       "RM       0.183857 -0.179242 -0.275242 -0.385526  0.157459 -0.623920  \n",
       "AGE     -0.761543  0.440578  0.502429  0.239729 -0.250416  0.606530  \n",
       "DIS      1.000000 -0.467653 -0.519643 -0.176620  0.248376 -0.501780  \n",
       "RAD     -0.467653  1.000000  0.907455  0.437687 -0.415325  0.442783  \n",
       "TAX     -0.519643  0.907455  1.000000  0.447518 -0.412145  0.515905  \n",
       "PTRATIO -0.176620  0.437687  0.447518  1.000000 -0.145638  0.387752  \n",
       "B        0.248376 -0.415325 -0.412145 -0.145638  1.000000 -0.365338  \n",
       "LSTAT   -0.501780  0.442783  0.515905  0.387752 -0.365338  1.000000  "
      ]
     },
     "execution_count": 8,
     "metadata": {},
     "output_type": "execute_result"
    }
   ],
   "source": [
    "X_train.corr()"
   ]
  },
  {
   "cell_type": "code",
   "execution_count": 9,
   "metadata": {},
   "outputs": [
    {
     "data": {
      "text/plain": [
       "<AxesSubplot:>"
      ]
     },
     "execution_count": 9,
     "metadata": {},
     "output_type": "execute_result"
    },
    {
     "data": {
